0 0.7978947368421052 0.48214285714285715 0.7957894736842105 0.475 0.7957894736842105 0.4642857142857143 0.7978947368421052 0.45714285714285713 0.8147368421052632 0.44285714285714284 0.8505263157894737 0.44285714285714284 0.8547368421052631 0.45 0.8547368421052631 0.475 0.8526315789473684 0.48214285714285715 0.8 0.48214285714285715
0 0.8905263157894737 0.49642857142857144 0.06526315789473684 0.04285714285714286
0 0.7978947368421052 0.4857142857142857 0.8526315789473684 0.4857142857142857 0.8547368421052631 0.4928571428571429 0.8547368421052631 0.5 0.8526315789473684 0.5035714285714286 0.8547368421052631 0.5071428571428571 0.8547368421052631 0.5178571428571429 0.8168421052631579 0.5178571428571429 0.8147368421052632 0.5214285714285715 0.8 0.5214285714285715 0.7957894736842105 0.5107142857142857 0.7978947368421052 0.5035714285714286 0.7957894736842105 0.4928571428571429 0.7978947368421052 0.48928571428571427
0 0.9473684210526315 0.5642857142857143 0.9473684210526315 0.6 0.9452631578947368 0.6035714285714285 0.88 0.6035714285714285 0.8778947368421053 0.6 0.8778947368421053 0.5678571428571428 0.88 0.5642857142857143 0.8968421052631579 0.5642857142857143 0.8989473684210526 0.5607142857142857 0.9031578947368422 0.5642857142857143 0.9178947368421052 0.5642857142857143 0.92 0.5607142857142857 0.9389473684210526 0.5607142857142857 0.9410526315789474 0.5642857142857143 0.9452631578947368 0.5642857142857143
0 0.8336842105263158 0.5214285714285715 0.8357894736842105 0.525 0.8568421052631578 0.525 0.8568421052631578 0.5428571428571428 0.8589473684210527 0.5464285714285714 0.8568421052631578 0.5607142857142857 0.8547368421052631 0.5642857142857143 0.8042105263157895 0.5642857142857143 0.8 0.5607142857142857 0.7978947368421052 0.5535714285714286 0.7978947368421052 0.5464285714285714 0.8 0.5428571428571428 0.7978947368421052 0.5321428571428571 0.8021052631578948 0.525 0.8189473684210526 0.525 0.8210526315789474 0.5214285714285715 0.8273684210526315 0.5214285714285715 0.8315789473684211 0.525
0 0.25473684210526315 0.5035714285714286 0.037894736842105266 0.04642857142857143
0 0.9389473684210526 0.48214285714285715 0.9368421052631579 0.475 0.9368421052631579 0.4607142857142857 0.9410526315789474 0.45 0.9494736842105264 0.44285714285714284 0.9726315789473684 0.44285714285714284 0.9747368421052631 0.44642857142857145 0.9747368421052631 0.4785714285714286 0.9726315789473684 0.48214285714285715 0.9410526315789474 0.48214285714285715
0 0.7452631578947368 0.5428571428571428 0.05263157894736842 0.039285714285714285
0 0.9010526315789473 0.6035714285714285 0.9031578947368422 0.6071428571428571 0.9452631578947368 0.6071428571428571 0.9473684210526315 0.6107142857142858 0.9473684210526315 0.6428571428571429 0.9452631578947368 0.6464285714285715 0.88 0.6464285714285715 0.8778947368421053 0.6428571428571429 0.8778947368421053 0.6071428571428571 0.8905263157894737 0.6071428571428571 0.8926315789473684 0.6035714285714285 0.8989473684210526 0.6035714285714285
0 0.9726315789473684 0.5607142857142857 0.9747368421052631 0.5642857142857143 0.991578947368421 0.5642857142857143 0.991578947368421 0.6 0.9894736842105263 0.6035714285714285 0.9494736842105264 0.6 0.9494736842105264 0.5714285714285714 0.9473684210526315 0.5642857142857143 0.9663157894736842 0.5642857142857143 0.9705263157894737 0.5607142857142857
0 0.2968421052631579 0.4928571428571429 0.29894736842105263 0.49642857142857144 0.29894736842105263 0.5285714285714286 0.27157894736842103 0.5285714285714286 0.2694736842105263 0.525 0.27157894736842103 0.5107142857142857 0.2736842105263158 0.5071428571428571 0.2736842105263158 0.49642857142857144 0.27578947368421053 0.4928571428571429 0.29473684210526313 0.4928571428571429
0 0.22736842105263158 0.5678571428571428 0.2231578947368421 0.5642857142857143 0.2231578947368421 0.5285714285714286 0.26105263157894737 0.5285714285714286 0.2631578947368421 0.5321428571428571 0.2631578947368421 0.5642857142857143 0.26105263157894737 0.5678571428571428 0.25684210526315787 0.5678571428571428 0.25473684210526315 0.5642857142857143 0.2294736842105263 0.5642857142857143
0 0.1431578947368421 0.44642857142857145 0.14526315789473684 0.45 0.1831578947368421 0.45 0.18526315789473685 0.45357142857142857 0.18947368421052632 0.45357142857142857 0.19157894736842104 0.45714285714285713 0.19157894736842104 0.4857142857142857 0.18105263157894738 0.4857142857142857 0.17894736842105263 0.48928571428571427 0.14736842105263157 0.48928571428571427 0.14526315789473684 0.4857142857142857 0.13473684210526315 0.4857142857142857 0.13263157894736843 0.48928571428571427 0.12631578947368421 0.48928571428571427 0.12631578947368421 0.475 0.12421052631578948 0.4714285714285714 0.12631578947368421 0.4642857142857143 0.12631578947368421 0.45 0.14105263157894737 0.44642857142857145
0 0.7452631578947368 0.5821428571428572 0.05263157894736842 0.039285714285714285
0 0.9726315789473684 0.625 0.04421052631578947 0.04285714285714286
0 0.3136842105263158 0.5321428571428571 0.3136842105263158 0.5642857142857143 0.3031578947368421 0.5642857142857143 0.30105263157894735 0.5678571428571428 0.26526315789473687 0.5642857142857143 0.26526315789473687 0.5357142857142857 0.2673684210526316 0.5321428571428571 0.31157894736842107 0.5321428571428571
0 0.9578947368421052 0.5071428571428571 0.035789473684210524 0.039285714285714285
0 0.8673684210526316 0.5285714285714286 0.8757894736842106 0.5214285714285715 0.9284210526315789 0.5214285714285715 0.9305263157894736 0.525 0.9305263157894736 0.5535714285714286 0.9284210526315789 0.5571428571428572 0.8821052631578947 0.5571428571428572 0.88 0.5607142857142857 0.8757894736842106 0.5607142857142857 0.871578947368421 0.5535714285714286 0.871578947368421 0.5392857142857143 0.8694736842105263 0.5321428571428571
0 0.12631578947368421 0.4928571428571429 0.13052631578947368 0.48928571428571427 0.16 0.48928571428571427 0.16210526315789472 0.4928571428571429 0.16842105263157894 0.4928571428571429 0.1705263157894737 0.49642857142857144 0.16842105263157894 0.525 0.16631578947368422 0.5285714285714286 0.12842105263157894 0.5285714285714286 0.12421052631578948 0.5178571428571429 0.12421052631578948 0.5 0.12631578947368421 0.49642857142857144
0 0.12421052631578948 0.5321428571428571 0.12631578947368421 0.5357142857142857 0.12631578947368421 0.5678571428571428 0.09263157894736843 0.5678571428571428 0.09052631578947369 0.5642857142857143 0.09052631578947369 0.5357142857142857 0.09263157894736843 0.5321428571428571 0.09894736842105263 0.5321428571428571 0.10105263157894737 0.5285714285714286 0.10526315789473684 0.5321428571428571 0.12210526315789473 0.5321428571428571
0 0.08842105263157894 0.5 0.09052631578947369 0.5035714285714286 0.09052631578947369 0.5285714285714286 0.08842105263157894 0.5321428571428571 0.07789473684210527 0.5321428571428571 0.07578947368421053 0.5285714285714286 0.06526315789473684 0.5285714285714286 0.06315789473684211 0.525 0.06315789473684211 0.5 0.06736842105263158 0.5 0.06947368421052631 0.49642857142857144 0.08421052631578947 0.49642857142857144 0.0863157894736842 0.5
0 0.9747368421052631 0.4857142857142857 0.9789473684210527 0.48214285714285715 0.9978947368421053 0.48214285714285715 0.9978947368421053 0.5178571428571429 0.9747368421052631 0.5178571428571429 0.9726315789473684 0.5142857142857142 0.9726315789473684 0.5 0.9747368421052631 0.49642857142857144 0.9747368421052631 0.48928571428571427
0 0.9768421052631578 0.44285714285714284 0.9978947368421053 0.44285714285714284 0.9978947368421053 0.475 0.9936842105263158 0.475 0.991578947368421 0.4785714285714286 0.9768421052631578 0.4785714285714286 0.9768421052631578 0.44642857142857145
0 0.8505263157894737 0.5678571428571428 0.8547368421052631 0.575 0.8547368421052631 0.6 0.8526315789473684 0.6035714285714285 0.8126315789473684 0.6035714285714285 0.8105263157894737 0.6 0.8 0.6 0.7978947368421052 0.5964285714285714 0.7978947368421052 0.575 0.8042105263157895 0.5678571428571428 0.848421052631579 0.5678571428571428
0 0.13052631578947368 0.6071428571428571 0.13473684210526315 0.6107142857142858 0.16842105263157894 0.6107142857142858 0.1705263157894737 0.6142857142857143 0.1705263157894737 0.6464285714285715 0.16631578947368422 0.6464285714285715 0.16421052631578947 0.65 0.13473684210526315 0.65 0.12842105263157894 0.6428571428571429 0.12842105263157894 0.6178571428571429 0.13052631578947368 0.6107142857142858
0 0.2168421052631579 0.48928571428571427 0.21894736842105264 0.4928571428571429 0.2231578947368421 0.4928571428571429 0.2231578947368421 0.5 0.22526315789473683 0.5035714285714286 0.2231578947368421 0.5071428571428571 0.22105263157894736 0.525 0.20421052631578948 0.5285714285714286 0.20210526315789473 0.5321428571428571 0.18947368421052632 0.5357142857142857 0.18736842105263157 0.5392857142857143 0.17473684210526316 0.5392857142857143 0.1726315789473684 0.5357142857142857 0.1726315789473684 0.5285714285714286 0.1705263157894737 0.525 0.1705263157894737 0.49642857142857144 0.1726315789473684 0.4928571428571429 0.18947368421052632 0.4928571428571429 0.19157894736842104 0.48928571428571427 0.21473684210526317 0.48928571428571427
0 0.968421052631579 0.5428571428571428 0.05263157894736842 0.039285714285714285
0 0.8273684210526315 0.625 0.056842105263157895 0.04285714285714286
0 0.7178947368421053 0.6035714285714285 0.7305263157894737 0.6035714285714285 0.7326315789473684 0.6071428571428571 0.7368421052631579 0.6071428571428571 0.7389473684210527 0.6035714285714285 0.7684210526315789 0.6035714285714285 0.7705263157894737 0.6071428571428571 0.7705263157894737 0.6428571428571429 0.7684210526315789 0.6464285714285715 0.7221052631578947 0.6464285714285715 0.7157894736842105 0.6392857142857142 0.7178947368421053 0.6321428571428571 0.7178947368421053 0.625 0.7157894736842105 0.6214285714285714 0.7178947368421053 0.6178571428571429 0.7178947368421053 0.6071428571428571
0 0.12842105263157894 0.5321428571428571 0.16842105263157894 0.5321428571428571 0.16842105263157894 0.5428571428571428 0.1705263157894737 0.5464285714285714 0.1705263157894737 0.5607142857142857 0.16631578947368422 0.575 0.16421052631578947 0.5714285714285714 0.15789473684210525 0.5714285714285714 0.15578947368421053 0.5678571428571428 0.13052631578947368 0.5678571428571428 0.12842105263157894 0.5607142857142857 0.12842105263157894 0.5357142857142857
0 0.22526315789473683 0.6071428571428571 0.24210526315789474 0.6071428571428571 0.24421052631578946 0.6107142857142858 0.26105263157894737 0.6107142857142858 0.2631578947368421 0.6142857142857143 0.2631578947368421 0.6428571428571429 0.26105263157894737 0.6464285714285715 0.24210526315789474 0.6464285714285715 0.24 0.65 0.22736842105263158 0.65 0.2231578947368421 0.6464285714285715 0.2231578947368421 0.6142857142857143 0.22526315789473683 0.6107142857142858
0 0.10736842105263159 0.6321428571428571 0.037894736842105266 0.039285714285714285
0 0.06526315789473684 0.5285714285714286 0.06736842105263158 0.5321428571428571 0.08 0.5321428571428571 0.08210526315789474 0.5357142857142857 0.08842105263157894 0.5357142857142857 0.08842105263157894 0.5642857142857143 0.0863157894736842 0.5678571428571428 0.06315789473684211 0.5678571428571428 0.061052631578947365 0.5714285714285714 0.056842105263157895 0.5678571428571428 0.056842105263157895 0.5357142857142857 0.061052631578947365 0.5285714285714286 0.06315789473684211 0.5285714285714286
0 0.17473684210526316 0.6071428571428571 0.17684210526315788 0.6107142857142858 0.1831578947368421 0.6107142857142858 0.18526315789473685 0.6071428571428571 0.18736842105263157 0.6107142857142858 0.20421052631578948 0.6107142857142858 0.20842105263157895 0.6142857142857143 0.20842105263157895 0.625 0.21052631578947367 0.6285714285714286 0.21052631578947367 0.6464285714285715 0.2063157894736842 0.65 0.17894736842105263 0.65 0.17684210526315788 0.6464285714285715 0.1726315789473684 0.6464285714285715 0.1726315789473684 0.6285714285714286 0.1705263157894737 0.625 0.1726315789473684 0.6214285714285714 0.1726315789473684 0.6107142857142858
0 0.12842105263157894 0.5714285714285714 0.13263157894736843 0.5678571428571428 0.16842105263157894 0.5714285714285714 0.16842105263157894 0.5785714285714286 0.1705263157894737 0.5821428571428572 0.1705263157894737 0.5964285714285714 0.16631578947368422 0.6107142857142858 0.16210526315789472 0.6071428571428571 0.1368421052631579 0.6071428571428571 0.13263157894736843 0.6107142857142858 0.12842105263157894 0.6035714285714285 0.12842105263157894 0.575
0 0.2905263157894737 0.6285714285714286 0.04842105263157895 0.04285714285714286
0 0.09052631578947369 0.5714285714285714 0.09473684210526316 0.5678571428571428 0.0968421052631579 0.5714285714285714 0.12631578947368421 0.5714285714285714 0.12631578947368421 0.5857142857142857 0.12842105263157894 0.5892857142857143 0.12631578947368421 0.5964285714285714 0.12631578947368421 0.6142857142857143 0.12210526315789473 0.6107142857142858 0.10105263157894737 0.6107142857142858 0.09894736842105263 0.6071428571428571 0.09052631578947369 0.6107142857142858 0.09052631578947369 0.6 0.08842105263157894 0.5964285714285714 0.09052631578947369 0.5928571428571429 0.09052631578947369 0.575
0 0.24 0.5714285714285714 0.24 0.5928571428571429 0.24210526315789474 0.5964285714285714 0.24210526315789474 0.6035714285714285 0.2294736842105263 0.6035714285714285 0.22736842105263158 0.6071428571428571 0.22526315789473683 0.6071428571428571 0.22105263157894736 0.5964285714285714 0.22105263157894736 0.575 0.2231578947368421 0.5714285714285714 0.23789473684210527 0.5714285714285714
0 0.21052631578947367 0.5321428571428571 0.21473684210526317 0.5428571428571428 0.21473684210526317 0.55 0.21263157894736842 0.5535714285714286 0.21473684210526317 0.5571428571428572 0.20842105263157895 0.5678571428571428 0.1726315789473684 0.5678571428571428 0.1726315789473684 0.5357142857142857 0.18105263157894738 0.5357142857142857 0.1831578947368421 0.5321428571428571 0.18736842105263157 0.5357142857142857 0.20842105263157895 0.5321428571428571
0 0.24210526315789474 0.5714285714285714 0.2631578947368421 0.5714285714285714 0.2631578947368421 0.6035714285714285 0.26105263157894737 0.6071428571428571 0.24421052631578946 0.6071428571428571 0.24210526315789474 0.6035714285714285 0.24210526315789474 0.575
0 0.6989473684210527 0.6142857142857143 0.031578947368421054 0.06428571428571428
0 0.4968421052631579 0.5 0.018947368421052633 0.03571428571428571
0 0.5494736842105263 0.5214285714285715 0.021052631578947368 0.03571428571428571
0 0.27578947368421053 0.5892857142857143 0.018947368421052633 0.039285714285714285
0 0.4884210526315789 0.5214285714285715 0.5031578947368421 0.5214285714285715 0.5031578947368421 0.55 0.49894736842105264 0.5571428571428572 0.4905263157894737 0.5571428571428572 0.4863157894736842 0.55 0.4863157894736842 0.5285714285714286 0.4884210526315789 0.525
0 0.0863157894736842 0.5714285714285714 0.08842105263157894 0.575 0.08842105263157894 0.6035714285714285 0.08421052631578947 0.6107142857142858 0.08 0.6071428571428571 0.07789473684210527 0.6107142857142858 0.07157894736842105 0.6107142857142858 0.06947368421052631 0.6142857142857143 0.06526315789473684 0.6142857142857143 0.06315789473684211 0.6107142857142858 0.05894736842105263 0.6142857142857143 0.05894736842105263 0.575 0.061052631578947365 0.5714285714285714 0.08421052631578947 0.5714285714285714
0 0.07368421052631578 0.6321428571428571 0.029473684210526315 0.03571428571428571