0 0.045589970501474925 0.20964601769911506 0.029498525073746312 0.07256637168141593
0 0.08272861356932154 0.1929646017699115 0.02601769911504425 0.05126106194690266
0 0.11504424778761062 0.16884955752212388 0.02359882005899705 0.06736725663716814
0 0.1570796460176991 0.13938053097345132 0.051622418879056046 0.084070796460177
0 0.29150442477876104 0.3914159292035398 0.04398230088495575 0.08210176991150442
0 0.23089970501474927 0.4133407079646018 0.05792035398230089 0.07365044247787611
0 0.828244837758112 0.19055309734513273 0.15473451327433627 0.1336504424778761
0 0.8305162241887906 0.057853982300884954 0.15660766961651917 0.1156858407079646
0 0.8332005899705014 0.3638495575221239 0.14051622418879056 0.12756637168141594
0 0.7169469026548673 0.2506637168141593 0.05551622418879056 0.10632743362831859
0 0.7184218289085545 0.1161504424778761 0.06113569321533924 0.13413716814159293
0 0.8411061946902655 0.7108849557522123 0.15902654867256635 0.1538716814159292
0 0.8417846607669617 0.5363716814159292 0.14696165191740412 0.12663716814159293
0 0.9414011799410029 0.2514601769911504 0.05926253687315634 0.10150442477876107
0 0.9418141592920354 0.3894026548672566 0.06275811209439527 0.11829646017699115
0 0.9462389380530972 0.5428097345132743 0.058185840707964606 0.12342920353982301
0 0.9591002949852507 0.7048672566371682 0.06247787610619469 0.11769911504424779
0 0.8431268436578171 0.9109513274336283 0.1657227138643068 0.17185840707964603
0 0.2524778761061947 0.19196902654867257 0.049070796460176994 0.053274336283185834
0 0.3016961651917404 0.15234513274336284 0.05362831858407079 0.058517699115044244
0 0.3633628318584071 0.12761061946902655 0.04827433628318584 0.08548672566371682
0 0.423834808259587 0.1004646017699115 0.04317109144542773 0.09152654867256636
0 0.443141592920354 0.2227212389380531 0.07106194690265487 0.09466814159292035
0 0.43415929203539827 0.35280973451327435 0.06113569321533924 0.08535398230088495
0 0.43899705014749263 0.5124557522123894 0.11370206489675516 0.12305309734513274
0 0.4401917404129793 0.6463495575221239 0.091976401179941 0.10929203539823008
0 0.5571238938053098 0.576991150442478 0.0362094395280236 0.08721238938053098
0 0.5618141592920355 0.46238938053097345 0.026814159292035396 0.09130530973451328
0 0.567315634218289 0.34980088495575223 0.035132743362831856 0.0913716814159292
0 0.5635545722713864 0.24303097345132743 0.038348082595870206 0.08300884955752214
0 0.11786135693215338 0.6602433628318585 0.03727138643067847 0.0847566371681416
0 0.12415929203539824 0.5438274336283185 0.031106194690265487 0.0731637168141593
0 0.12737463126843657 0.439070796460177 0.04827433628318584 0.0768362831858407
0 0.14025073746312686 0.34115044247787607 0.04182890855457227 0.07006637168141594
0 0.1504424778761062 0.23398230088495575 0.040766961651917406 0.08502212389380531
0 0.06851032448377581 0.2790265486725664 0.045855457227138643 0.06247787610619469
0 0.06302359882005899 0.36688053097345136 0.026814159292035396 0.07327433628318583
0 0.058997050147492625 0.4591814159292036 0.024129793510324484 0.06878318584070796
0 0.04666666666666667 0.5593141592920354 0.03163716814159292 0.06792035398230088
0 0.0721386430678466 0.6554203539823009 0.02359882005899705 0.07511061946902656
0 0.0879646017699115 0.5580973451327433 0.03915929203539823 0.05747787610619469
0 0.09412979351032448 0.45192477876106196 0.02467551622418879 0.07039823008849558
0 0.10123893805309735 0.3513938053097345 0.02547197640117994 0.06243362831858407
0 0.10901179941002949 0.25911504424778764 0.024941002949852506 0.06690265486725663
0 0.035132743362831856 0.3841814159292036 0.02467551622418879 0.05154867256637168
0 0.02601769911504425 0.47988938053097346 0.038613569321533925 0.06595132743362832
0 0.015825958702064897 0.5651327433628318 0.02896755162241888 0.07555309734513274
0 0.014351032448377581 0.6519911504424778 0.023333333333333334 0.05619469026548672
0 0.1193362831858407 0.7935398230088496 0.021460176991150444 0.033584070796460176
0 0.1440117994100295 0.7949557522123893 0.017168141592920357 0.040420353982300886
0 0.12 0.8245132743362832 0.020117994100294988 0.039203539823008844
0 0.14668141592920356 0.8359734513274336 0.02252212389380531 0.042013274336283185
0 0.11718289085545723 0.8699557522123894 0.017168141592920357 0.0415929203539823
0 0.14722713864306783 0.8824115044247788 0.02359882005899705 0.04238938053097345
0 0.24644542772861358 0.8502212389380531 0.10405604719764011 0.13891592920353982
0 0.3706047197640118 0.8554646017699116 0.08957227138643067 0.1413274336283186
0 0.3482153392330384 0.6580088495575221 0.05283185840707964 0.09561946902654866
0 0.3486135693215339 0.5130530973451327 0.05631268436578171 0.08002212389380531
0 0.22485250737463125 0.5371902654867257 0.05283185840707964 0.09608407079646018
0 0.23853982300884954 0.2882743362831859 0.04264011799410029 0.08900442477876105
0 0.29753687315634214 0.27077433628318587 0.04264011799410029 0.06608407079646018
0 0.2484513274336283 0.07070796460176991 0.046386430678466074 0.08028761061946903
0 0.3133480825958702 0.046194690265486726 0.04746312684365782 0.08754424778761062
0 0.6572861356932154 0.16924778761061948 0.06113569321533924 0.11800884955752212
0 0.6511061946902654 0.286858407079646 0.06060471976401181 0.08216814159292035
0 0.658480825958702 0.4245796460176991 0.056578171091445424 0.0961504424778761
0 0.718023598820059 0.40407079646017696 0.06837758112094396 0.11146017699115045
0 0.6556784660766962 0.5590929203539823 0.06436578171091445 0.10371681415929204
0 0.7217699115044248 0.5502433628318584 0.05443952802359882 0.1181858407079646
0 0.7213716814159291 0.7088938053097346 0.07240412979351032 0.1257300884955752
0 0.7261946902654868 0.889646017699115 0.06060471976401181 0.1372787610619469
0 0.6551327433628319 0.8604867256637168 0.06328908554572271 0.11517699115044248
0 0.5505457227138643 0.8275221238938053 0.03647492625368732 0.09752212389380531
0 0.6017699115044248 0.8480309734513274 0.04772861356932153 0.11438053097345133
0 0.6002949852507374 0.699646017699115 0.04210914454277286 0.11528761061946903
0 0.59976401179941 0.5663274336283186 0.030309734513274338 0.10210176991150442
0 0.9679498525073746 0.8874336283185841 0.06408554572271387 0.1288495575221239
0 0.6041887905604719 0.23216814159292035 0.0471976401179941 0.08542035398230088
0 0.5221238938053098 0.5906637168141593 0.03325958702064897 0.09847345132743363
0 0.521858407079646 0.48168141592920355 0.027359882005899706 0.08163716814159291
0 0.5274926253687315 0.3805530973451327 0.03325958702064897 0.0845132743362832
0 0.5253392330383481 0.2854646017699115 0.03969026548672566 0.07533185840707964
0 0.5160914454277287 0.6988274336283186 0.03458702064896755 0.09758849557522124
0 0.5130088495575221 0.8051991150442478 0.03647492625368732 0.09712389380530972
0 0.5557817109144543 0.698429203539823 0.03887905604719764 0.1209070796460177
0 0.19469026548672566 0.21026548672566372 0.04451327433628319 0.07778761061946902
0 0.18584070796460178 0.31922566371681416 0.03647492625368732 0.07853982300884955
0 0.1815486725663717 0.4245796460176991 0.038613569321533925 0.08006637168141592
0 0.1686725663716814 0.5411946902654867 0.045058997050147494 0.08803097345132743
0 0.16424778761061948 0.6513938053097346 0.03887905604719764 0.08314159292035397
0 0.2786283185840708 0.6578097345132743 0.05041297935103245 0.09601769911504425
0 0.2794247787610619 0.5221017699115045 0.05738938053097345 0.0940929203539823
0 0.21936578171091445 0.6626548672566371 0.055235988200589975 0.08957964601769912
0 0.3623008849557522 0.2418141592920354 0.07830383480825959 0.0886283185840708
0 0.3554572271386431 0.36909292035398233 0.07266961651917404 0.09780973451327434
0 0.027492625368731566 0.8053982300884956 0.054970501474926256 0.12566371681415928
0 0.07991150442477876 0.813849557522124 0.04451327433628319 0.11842920353982302