0 0.8326990291262135 0.7489948453608247 0.035941747572815534 0.03335051546391753
0 0.7907766990291262 0.7491494845360825 0.03194174757281553 0.030386597938144327
0 0.7448543689320388 0.8117268041237113 0.03992233009708738 0.04291237113402061
0 0.7513592233009708 0.8587628865979381 0.03293203883495146 0.04422680412371134
0 0.7084271844660194 0.897319587628866 0.05689320388349515 0.05180412371134021
0 0.6903495145631068 0.8059278350515464 0.05314563106796117 0.06775773195876289
0 0.7739417475728155 0.9109020618556701 0.0556504854368932 0.045850515463917524
0 0.7925242718446601 0.7847422680412371 0.040427184466019415 0.02538659793814433
0 0.8304466019417476 0.7870618556701031 0.01646601941747573 0.023402061855670103
0 0.8486796116504854 0.7877319587628866 0.017961165048543688 0.024716494845360825
0 0.8758640776699029 0.7994845360824742 0.027456310679611653 0.03829896907216495
0 0.8860970873786407 0.8347422680412371 0.03293203883495146 0.026030927835051544
0 0.8404271844660194 0.8175257731958763 0.03642718446601942 0.03134020618556701
0 0.7872815533980583 0.8147164948453609 0.034932038834951454 0.02902061855670103
0 0.8292038834951456 0.8887113402061856 0.0489126213592233 0.04783505154639175
0 0.3512233009708738 0.6935309278350514 0.03867961165048544 0.03835051546391753
0 0.5797864077669902 0.8203350515463919 0.02669902912621359 0.046881443298969074
0 0.6025048543689321 0.8153865979381444 0.02720388349514563 0.056829896907216494
0 0.6405631067961165 0.8186855670103093 0.03095145631067961 0.05020618556701031
0 0.6346990291262136 0.8705154639175258 0.02669902912621359 0.04453608247422681
0 0.5891456310679613 0.8686855670103093 0.04790291262135923 0.050824742268041234
0 0.6320776699029126 0.6923711340206186 0.03394174757281553 0.04597938144329897
0 0.7250291262135922 0.711082474226804 0.057650485436893203 0.02708762886597938
0 0.7182912621359223 0.7489948453608247 0.05914563106796117 0.046597938144329894
0 0.6295728155339806 0.7326030927835051 0.02895145631067961 0.023762886597938147
0 0.670621359223301 0.7365721649484537 0.028699029126213593 0.03170103092783505
0 0.6288349514563107 0.7672164948453608 0.05240776699029126 0.03664948453608247
0 0.33275728155339807 0.7314432989690722 0.02170873786407767 0.03139175257731959
0 0.3588349514563107 0.7321134020618557 0.02145631067961165 0.032706185567010305
0 0.3011844660194175 0.7278092783505155 0.03095145631067961 0.04396907216494845
0 0.29895145631067965 0.7638917525773196 0.04141747572815534 0.030051546391752577
0 0.3508543689320388 0.7652061855670103 0.0354368932038835 0.03268041237113402
0 0.30019417475728155 0.8009793814432989 0.02895145631067961 0.037963917525773196
0 0.33176699029126216 0.798659793814433 0.029689320388349514 0.03994845360824742
0 0.3590873786407767 0.7993298969072165 0.016970873786407766 0.028041237113402062
0 0.29570873786407764 0.8329381443298969 0.04990291262135922 0.024381443298969074
0 0.3466019417475728 0.8322680412371134 0.04192233009708738 0.030979381443298967
0 0.29582524271844657 0.8708505154639175 0.03768932038834952 0.03858247422680412
0 0.33862135922330094 0.8698453608247423 0.035941747572815534 0.04322164948453608
0 0.20087378640776699 0.7023195876288659 0.01996116504854369 0.026108247422680416
0 0.23594174757281555 0.7080927835051547 0.027689320388349516 0.027757731958762886
0 0.1983883495145631 0.7367525773195877 0.02495145631067961 0.028737113402061858
0 0.23419417475728155 0.7387371134020618 0.02920388349514563 0.032706185567010305
0 0.1885242718446602 0.7681958762886598 0.02269902912621359 0.032036082474226804
0 0.2112233009708738 0.7667010309278351 0.02320388349514563 0.03234536082474227
0 0.23518446601941748 0.772680412371134 0.031184466019417472 0.031030927835051545
0 0.23642718446601943 0.6758247422680413 0.058640776699029125 0.026134020618556703
0 0.3075533980582524 0.6910567010309279 0.036174757281553394 0.030077319587628867
0 0.5207766990291262 0.7345876288659793 0.04093203883495145 0.06747422680412371
0 0.5297669902912621 0.820180412371134 0.0489126213592233 0.0763659793814433
0 0.1896504854368932 0.8026288659793814 0.04242718446601942 0.034639175257731955
0 0.22706796116504854 0.8059536082474227 0.027456310679611653 0.02801546391752577
0 0.18166990291262136 0.831778350515464 0.026446601941747572 0.026675257731958762
0 0.20636893203883494 0.8314432989690722 0.02095145631067961 0.03265463917525773
0 0.2336893203883495 0.8347422680412371 0.01821359223300971 0.026030927835051544
0 0.18590291262135922 0.8708505154639175 0.029941747572815532 0.0518298969072165
0 0.22508737864077671 0.8731701030927835 0.033436893203883496 0.03659793814432989
0 0.070873786407767 0.7638917525773196 0.0843495145631068 0.04327319587628866
0 0.042679611650485436 0.81090206185567 0.052893203883495145 0.04458762886597938
0 0.10044660194174757 0.812242268041237 0.05114563106796116 0.03399484536082474
0 0.05052427184466019 0.8506443298969072 0.05114563106796116 0.03131443298969072
0 0.033689320388349514 0.8786340206185568 0.02495145631067961 0.03095360824742268
0 0.07922330097087378 0.879458762886598 0.04366990291262136 0.042551546391752584
0 0.12937864077669903 0.7049484536082474 0.04916504854368932 0.04463917525773196
0 0.05139805825242718 0.7074484536082475 0.05539805825242718 0.05291237113402062