0 0.10952574525745257 0.45408212560386474 0.10388888888888889 0.21091787439613524
0 0.19794037940379405 0.4339855072463768 0.0571409214092141 0.09019323671497585
0 0.2673848238482385 0.37903381642512074 0.08085365853658537 0.1292512077294686
0 0.33299457994579945 0.33618357487922707 0.05623306233062331 0.11198067632850242
0 0.42333333333333334 0.2731884057971014 0.07429539295392953 0.1671497584541063
0 0.5242818428184282 0.20599033816425122 0.1271409214092141 0.18572463768115943
0 0.6456639566395664 0.1766183574879227 0.06504065040650407 0.10282608695652173
0 0.5898780487804878 0.21103864734299518 0.021233062330623307 0.07905797101449274
0 0.7111517615176153 0.1073913043478261 0.06052845528455285 0.12541062801932368
0 0.35084010840108404 0.09632850241545894 0.07836043360433605 0.11536231884057971
0 0.27754742547425476 0.13234299516908213 0.08762872628726287 0.1270048309178744
0 0.22086720867208673 0.1743961352657005 0.051043360433604336 0.11048309178743962
0 0.1684688346883469 0.23478260869565218 0.045623306233062336 0.07019323671497585
0 0.07350948509485095 0.21041062801932367 0.1470189701897019 0.218719806763285
0 0.5319512195121952 0.529951690821256 0.08649051490514904 0.1814975845410628
0 0.6117886178861789 0.40458937198067635 0.15989159891598917 0.2648792270531401
0 0.7481978319783197 0.3665700483091787 0.0803929539295393 0.14456521739130435
0 0.8222628726287263 0.30719806763285024 0.056910569105691054 0.13454106280193237
0 0.9067344173441734 0.2110144927536232 0.10840108401084012 0.24004830917874395
0 0.9330352303523036 0.5607246376811594 0.13391598915989159 0.22292270531400968
0 0.8537669376693767 0.6891304347826087 0.10410569105691057 0.18178743961352659
0 0.7441327913279132 0.787536231884058 0.08130081300813008 0.13301932367149757
0 0.6637262872628726 0.8656038647342995 0.0921409214092141 0.16033816425120773
0 0.1393360433604336 0.7855072463768116 0.14543360433604335 0.20144927536231885
0 0.24096205962059622 0.7187198067632851 0.07768292682926829 0.1483574879227053
0 0.3344579945799458 0.6378260869565218 0.09304878048780488 0.15565217391304348
0 0.4311246612466125 0.5798550724637681 0.0966531165311653 0.16857487922705316
0 0.0432520325203252 0.8593478260869565 0.08649051490514904 0.2082367149758454
0 0.026531165311653115 0.4868840579710145 0.05307588075880759 0.16782608695652174
0 0.16113821138211382 0.04400966183574879 0.06029810298102981 0.08801932367149758
0 0.575880758807588 0.9557729468599033 0.06548780487804878 0.08301932367149757
0 0.4801219512195122 0.9420289855072463 0.11788617886178862 0.11594202898550725