0 0.36153846153846153 0.14297619047619048 0.0934113712374582 0.10035714285714285
0 0.357056856187291 0.24821428571428572 0.11903010033444818 0.10970238095238095
0 0.3789632107023411 0.38202380952380954 0.1397658862876254 0.11458333333333333
0 0.5007357859531772 0.3782738095238095 0.10655518394648829 0.13178571428571428
0 0.6295652173913043 0.2925 0.10357859531772574 0.14910714285714285
0 0.6338461538461538 0.47065476190476185 0.10979933110367893 0.1604761904761905
0 0.4993645484949833 0.4855952380952381 0.13147157190635453 0.10422619047619049
0 0.39441471571906356 0.4956547619047619 0.09227424749163879 0.0874404761904762
0 0.2852173913043478 0.44029761904761905 0.1114046822742475 0.11619047619047619
0 0.1448494983277592 0.5523214285714286 0.14668896321070235 0.11857142857142858
0 0.1414046822742475 0.6848809523809524 0.1351505016722408 0.1455952380952381
0 0.2860200668896321 0.5765476190476191 0.09688963210702341 0.10952380952380951
0 0.39535117056856184 0.6594047619047619 0.09411371237458194 0.17678571428571427
0 0.5140133779264214 0.6060714285714285 0.08926421404682275 0.10291666666666666
0 0.5224414715719063 0.7825000000000001 0.10377926421404683 0.20952380952380953
0 0.6372909698996656 0.77125 0.102876254180602 0.19928571428571426
0 0.8036120401337793 0.5947619047619048 0.09872909698996656 0.07625
0 0.8948160535117057 0.5379166666666667 0.15431438127090302 0.19654761904761905
0 0.7596655518394648 0.448452380952381 0.11464882943143813 0.1325595238095238
0 0.7218394648829431 0.6073214285714286 0.08511705685618728 0.11363095238095237
0 0.7985284280936454 0.6904166666666667 0.07013377926421405 0.14434523809523808
0 0.17240802675585284 0.8859523809523809 0.17645484949832776 0.18648809523809523
0 0.35428093645484954 0.8350595238095238 0.09501672240802676 0.18321428571428572
0 0.7503010033444816 0.854107142857143 0.07979933110367893 0.1844642857142857
0 0.8726755852842809 0.899047619047619 0.11926421404682273 0.14708333333333334
0 0.9302341137123745 0.7211904761904762 0.12595317725752508 0.18125