0 0.12805 0.23865822784810126 0.08111666666666667 0.20220253164556964
0 0.3 0.22769620253164558 0.23055000000000003 0.2308860759493671
0 0.48403333333333337 0.2350632911392405 0.12916666666666668 0.21612658227848103
0 0.6058333333333333 0.3299746835443038 0.10333333333333333 0.14435443037974685
0 0.7627833333333334 0.32556962025316455 0.20055 0.13972151898734175
0 0.7334666666666666 0.5360253164556962 0.16138333333333332 0.1809367088607595
0 0.8845833333333334 0.7264810126582278 0.10805 0.19473417721518987
0 0.7059666666666666 0.7547341772151899 0.21195 0.2090632911392405
0 0.1268 0.4556708860759494 0.08138333333333334 0.21007594936708862
0 0.29055000000000003 0.4622025316455696 0.23388333333333336 0.22736708860759494
0 0.4825 0.451873417721519 0.13445000000000001 0.21093670886075946
0 0.12333333333333334 0.6583544303797468 0.08833333333333333 0.20615189873417722
0 0.28875 0.6779746835443038 0.23305 0.22427848101265824
0 0.4913833333333333 0.6720506329113923 0.14111666666666667 0.21248101265822786