0 0.18984962406015038 0.22846796657381616 0.12727443609022554 0.16167130919220055
0 0.09265037593984962 0.39754874651810584 0.10471804511278196 0.17350974930362117
0 0.2348308270676692 0.41147632311977717 0.17695488721804511 0.1615598885793872
0 0.43796992481203006 0.39913649025069636 0.17238721804511278 0.19259052924791087
0 0.4781203007518797 0.21852367688022284 0.09424812030075189 0.19749303621169917
0 0.5956015037593986 0.406100278551532 0.09560150375939849 0.17866295264623955
0 0.7540225563909774 0.4096657381615599 0.1868984962406015 0.17788300835654597
0 0.8249248120300752 0.23941504178272982 0.18904135338345862 0.15571030640668523
0 0.9135338345864662 0.4040947075208913 0.11922932330827067 0.18264623955431752
0 0.8202255639097744 0.5888857938718662 0.2843796992481203 0.18214484679665738
0 0.8281390977443609 0.766100278551532 0.3136466165413534 0.17445682451253483
0 0.3823872180451128 0.7629247910863509 0.08808270676691729 0.18401114206128133
0 0.3861466165413534 0.5847075208913649 0.09560150375939849 0.17777158774373258
0 0.5396052631578947 0.591058495821727 0.20112781954887218 0.1745682451253482
0 0.537048872180451 0.7674930362116991 0.182593984962406 0.16532033426183845
0 0.13466165413533834 0.5878830083565459 0.18609022556390978 0.1841225626740947
0 0.2716165413533835 0.5874930362116991 0.08404135338345865 0.19128133704735376
0 0.27349624060150374 0.7557660167130918 0.08244360902255639 0.16969359331476325
0 0.18125939849624062 0.7559610027855153 0.08860902255639098 0.182033426183844
0 0.09156015037593986 0.7629247910863509 0.10257518796992482 0.1681058495821727