0 0.24382875605815832 0.20956656346749225 0.04825525040387722 0.1128482972136223
0 0.3203069466882068 0.2231888544891641 0.0848626817447496 0.11529411764705882
0 0.3815831987075929 0.21390092879256967 0.041567043618739904 0.11736842105263157
0 0.36877221324717285 0.34408668730650155 0.06547657512116317 0.10120743034055726
0 0.3976252019386107 0.6820743034055727 0.09736672051696285 0.15792569659442723
0 0.5041518578352181 0.6944582043343653 0.0669951534733441 0.16619195046439628
0 0.5850242326332795 0.6779256965944273 0.06720516962843295 0.1496904024767802
0 0.6667689822294023 0.675046439628483 0.05190630048465267 0.1521671826625387
0 0.8080775444264944 0.6765015479876161 0.0932633279483037 0.1591640866873065
0 0.887124394184168 0.6704953560371517 0.057512116316639744 0.1678328173374613
0 0.9585298869143781 0.6834984520123839 0.0560096930533118 0.14845201238390093
0 0.5047980613893377 0.34842105263157896 0.03812600969305331 0.12222910216718265
0 0.37835218093699513 0.8970588235294118 0.07387722132471729 0.16687306501547988