0 0.28451505016722406 0.2839285714285714 0.12384615384615386 0.1893452380952381
0 0.284180602006689 0.452797619047619 0.13933110367892976 0.15351190476190477
0 0.25682274247491643 0.6144642857142857 0.16076923076923078 0.13208333333333333
0 0.2703344481605351 0.7816666666666666 0.16698996655518394 0.20785714285714288
0 0.3782608695652174 0.3419642857142857 0.04150501672240803 0.1125595238095238
0 0.42903010033444816 0.35345238095238096 0.04150501672240803 0.10267857142857142
0 0.49314381270903007 0.3413690476190476 0.08672240802675585 0.14005952380952383
0 0.4986622073578595 0.48047619047619045 0.10702341137123746 0.14732142857142858
0 0.39163879598662205 0.452797619047619 0.040602006688963216 0.10428571428571429
0 0.4309698996655519 0.45809523809523806 0.0431438127090301 0.10672619047619047
0 0.37561872909698996 0.5695238095238095 0.05237458193979933 0.10380952380952382
0 0.4294648829431438 0.58 0.04244147157190635 0.11238095238095237
0 0.48344481605351175 0.6889285714285714 0.03966555183946488 0.2358333333333333
0 0.5355852842809364 0.6042261904761905 0.05167224080267558 0.11976190476190476
0 0.5351170568561873 0.7316666666666667 0.05073578595317726 0.1405952380952381
0 0.3791973244147157 0.6832142857142858 0.043377926421404686 0.09303571428571429
0 0.44033444816053513 0.67375 0.05026755852842809 0.11517857142857144
0 0.38414715719063547 0.7907142857142857 0.05558528428093646 0.11101190476190476
0 0.43030100334448157 0.7753571428571429 0.037123745819397994 0.10898809523809523
0 0.5765217391304348 0.46672619047619046 0.03438127090301003 0.16499999999999998
0 0.5858528428093646 0.6083333333333334 0.04150501672240803 0.12797619047619047
0 0.5908361204013378 0.7357142857142857 0.04451505016722408 0.13238095238095238
0 0.6558528428093645 0.7464285714285714 0.07311036789297659 0.12089285714285714
0 0.6457190635451505 0.5980357142857142 0.07127090301003344 0.1156547619047619
0 0.6278260869565218 0.48047619047619045 0.07933110367892976 0.0980952380952381