0 0.05413333333333333 0.32064 0.10826666666666666 0.13646
0 0.1616 0.31664 0.09386666666666667 0.11248000000000001
0 0.3450666666666667 0.32104000000000005 0.14079999999999998 0.14526
0 0.5221333333333333 0.32224 0.17493333333333333 0.15566
0 0.7714666666666667 0.32722 0.18826666666666664 0.16166
0 0.94 0.32122 0.12 0.17366
0 0.7218666666666667 0.55856 0.12106666666666667 0.14032
0 0.8543999999999999 0.55796 0.1248 0.16712
0 0.9786666666666667 0.5903400000000001 0.042666666666666665 0.17588
0 0.964 0.81448 0.072 0.15616
0 0.7410666666666667 0.75848 0.15946666666666665 0.18818000000000001
0 0.5330666666666667 0.7385 0.12746666666666667 0.11622
0 0.41386666666666666 0.68552 0.09706666666666666 0.11023999999999999
0 0.3024 0.67472 0.09813333333333332 0.12863999999999998
0 0.09893333333333333 0.62194 0.0912 0.1031
0 0.1976 0.6469400000000001 0.1072 0.14906
0 0.11173333333333332 0.478 0.09546666666666666 0.10318000000000001
0 0.20266666666666666 0.48538 0.10133333333333333 0.09798
0 0.3248 0.49757999999999997 0.07893333333333334 0.13436
0 0.4290666666666667 0.51858 0.10079999999999999 0.09236
0 0.5544 0.52678 0.10613333333333333 0.13674